Batch	Flowcell	Group	sample.name 	 tumor.status	stat.Total_Reads 	stat.Mapped_Reads 	stat.Mapped_Reads_pct	stat.Mapped_Reads_Junction	stat.Mapped_Reads_Junction_pct	stat.Gene_Count 	stat.Gene_Count_pct	stat.SNVs 	stat.Indels 	stat.Fusions
4	180622_K00316_0171_BHVL2TBBXX	MLH1G	MSI_MLH1G_10	normal 	61498837	58715520	95	39425496	64	47936467	78	28415	22469	10
4	180622_K00316_0171_BHVL2TBBXX	MLH1G	MSI_MLH1G_11	normal 	41320352	39521137	96	22151301	54	32523828	79	52398	36044	0
4	180622_K00316_0171_BHVL2TBBXX	MLH1G	MSI_MLH1G_12	normal 	66833583	64805937	97	48738940	73	57837955	87	27205	26334	6
4	180622_K00316_0171_BHVL2TBBXX	MLH1G	MSI_MLH1G_13	normal 	40157098	39015853	97	26665535	66	33000292	82	26253	21419	5
4	180712_K00203_0208_AHW5VMBBXX	MLH1G	MSI_MLH1G_14	normal 	23949088	22810290	95	13038123	54	18383075	77	73776	21307	0
4	180712_K00203_0208_AHW5VMBBXX	MLH1G	MSI_MLH1G_15	normal 	43933591	41695733	95	28199837	64	34375594	78	24750	23548	7
3	180412_ST-K00112_0074_AHTVNCBBXX	MLH1G	MSI_MLH1G_2	normal 	84064694	78943257	94	43593403	52	64335956	77	43834	47584	1
2	180116_K00203_0173_BHNKCVBBXX	MLH1G	MSI_MLH1G_3	normal 	35786054	33350117	93	19491571	54	26312603	74	21104	19999	5
4	180622_K00316_0171_BHVL2TBBXX	MLH1G	MSI_MLH1G_4	normal 	34766207	32439228	93	10422146	30	14327589	41	53324	16672	0
4	180622_K00316_0171_BHVL2TBBXX	MLH1G	MSI_MLH1G_6	normal 	39430499	37598412	95	26587407	67	30808618	78	18984	14010	4
4	180622_K00316_0171_BHVL2TBBXX	MLH1G	MSI_MLH1G_7	normal 	49698668	48510659	98	38058746	77	42086145	85	23048	18084	10
4	180622_K00316_0171_BHVL2TBBXX	MLH1G	MSI_MLH1G_8	normal 	21367858	20689696	97	13752923	64	16649022	78	17275	10990	9
4	180622_K00316_0171_BHVL2TBBXX	MLH1G	MSI_MLH1G_9	normal 	50658556	47241135	93	29983694	59	37199157	73	25128	30490	8
4	180622_K00316_0171_BHVL2TBBXX	MLH1G	MSI_MLH1G_10	tumor 	67817573	63142546	93	38876796	57	48421241	71	32865	32398	11
4	180622_K00316_0171_BHVL2TBBXX	MLH1G	MSI_MLH1G_11	tumor 	62875401	60806624	97	38877764	62	51294321	82	41391	36784	4
4	180622_K00316_0171_BHVL2TBBXX	MLH1G	MSI_MLH1G_12	tumor 	36852076	35444077	96	24910860	68	28541823	77	25690	23893	4
4	180622_K00316_0171_BHVL2TBBXX	MLH1G	MSI_MLH1G_13	tumor 	55459606	50382125	91	32055416	58	39583962	71	23155	29567	8
4	180622_K00316_0171_BHVL2TBBXX	MLH1G	MSI_MLH1G_14	tumor 	13250473	12587316	95	5987177	45	9345670	71	58321	27396	0
4	180712_K00203_0208_AHW5VMBBXX	MLH1G	MSI_MLH1G_15	tumor 	74021963	68026645	92	44901464	61	53897568	73	24923	40250	4
2	180116_K00203_0173_BHNKCVBBXX	MLH1G	MSI_MLH1G_2	tumor 	41645104	39435014	95	21966683	53	32079050	77	24093	28916	0
2	180116_K00203_0173_BHNKCVBBXX	MLH1G	MSI_MLH1G_3	tumor 	61542861	56597092	92	34783980	57	46076865	75	25099	27274	3
3	180406_ST-K00112_0073_AHTF52BBXX	MLH1G	MSI_MLH1G_4	tumor 	45129901	42840351	95	26044161	58	35230691	78	67351	41041	0
3	180406_ST-K00112_0073_AHTF52BBXX	MLH1G	MSI_MLH1G_5	tumor 	7054773	6498460	92	1362259	19	3937452	56	21801	15391	0
4	180622_K00316_0171_BHVL2TBBXX	MLH1G	MSI_MLH1G_6	tumor 	13981683	13383478	96	7099656	51	9489323	68	14231	12173	0
4	180622_K00316_0171_BHVL2TBBXX	MLH1G	MSI_MLH1G_7	tumor 	55825486	53030169	95	39367990	71	44459840	80	25588	26809	4
4	180622_K00316_0171_BHVL2TBBXX	MLH1G	MSI_MLH1G_8	tumor 	64589210	61992170	96	44172738	68	51717557	80	32402	24996	19
4	180622_K00316_0171_BHVL2TBBXX	MLH1G	MSI_MLH1G_9	tumor 	55392176	52295523	94	36841558	67	42657163	77	25469	29185	7
1	170411_K00316_0075_AHJGYCBBXX	MLH1G	MSI_MLH1p_1	normal 	53743111	52412166	98	38125759	71	44188999	82	19501	17519	9
1	170411_K00316_0075_AHJGYCBBXX	MLH1G	MSI_MLH1p_1	tumor 	33117950	32144917	97	22523070	68	26570902	80	17061	12393	10
2	180116_K00203_0173_BHNKCVBBXX	MLH1HM	MSI_MLH1HM_1	normal 	35707096	34288431	96	20351348	57	28533666	80	21805	25110	9
3	180406_ST-K00112_0073_AHTF52BBXX	MLH1HM	MSI_MLH1HM_10	normal 	67427681	61528775	91	34145484	51	49426045	73	32718	42189	11
4	180622_K00316_0171_BHVL2TBBXX	MLH1HM	MSI_MLH1HM_11	normal 	47555218	45072622	95	29168805	61	36113514	76	21765	24541	4
4	180622_K00316_0171_BHVL2TBBXX	MLH1HM	MSI_MLH1HM_12	normal 	36678929	35609832	97	24569642	67	30080672	82	23366	21737	3
4	180622_K00316_0171_BHVL2TBBXX	MLH1HM	MSI_MLH1HM_13	normal 	46917737	45728310	97	40316685	86	39977274	85	24033	20938	4
4	180622_K00316_0171_BHVL2TBBXX	MLH1HM	MSI_MLH1HM_14	normal 	32785611	31060937	95	21518660	66	24527164	75	25156	11508	0
4	180622_K00316_0171_BHVL2TBBXX	MLH1HM	MSI_MLH1HM_15	normal 	23354076	22496391	96	14494733	62	18213396	78	18688	8545	0
2	180116_K00203_0173_BHNKCVBBXX	MLH1HM	MSI_MLH1HM_2	normal 	46668777	44771788	96	29288770	63	38011801	81	23525	28194	6
2	180116_K00203_0173_BHNKCVBBXX	MLH1HM	MSI_MLH1HM_3	normal 	40993388	39121549	95	23762756	58	32640630	80	21437	29500	7
2	180116_K00203_0173_BHNKCVBBXX	MLH1HM	MSI_MLH1HM_4	normal 	77185348	73041967	95	46313963	60	61632414	80	26260	34899	13
3	180406_ST-K00112_0073_AHTF52BBXX	MLH1HM	MSI_MLH1HM_5	normal 	43234782	41350656	96	27742529	64	33682762	78	19320	17524	5
3	180406_ST-K00112_0073_AHTF52BBXX	MLH1HM	MSI_MLH1HM_6	normal 	83661052	80153961	96	57841784	69	70026938	84	27079	22025	11
3	180406_ST-K00112_0073_AHTF52BBXX	MLH1HM	MSI_MLH1HM_7	normal 	63753565	59857838	94	41306702	65	51138276	80	23552	29119	8
3	180406_ST-K00112_0073_AHTF52BBXX	MLH1HM	MSI_MLH1HM_8	normal 	55227522	48708775	88	32379496	59	42117281	76	26684	29802	3
3	180406_ST-K00112_0073_AHTF52BBXX	MLH1HM	MSI_MLH1HM_9	normal 	88213441	82021754	93	48582167	55	69306747	79	46841	53025	0
2	180116_K00203_0173_BHNKCVBBXX	MLH1HM	MSI_MLH1HM_1	tumor 	28365678	27257480	96	16825294	59	22602889	80	20742	22108	4
3	180406_ST-K00112_0073_AHTF52BBXX	MLH1HM	MSI_MLH1HM_10	tumor 	76421824	69082633	90	42872636	56	58176133	76	38853	52496	5
4	180622_K00316_0171_BHVL2TBBXX	MLH1HM	MSI_MLH1HM_11	tumor 	44328508	42997158	97	30696686	69	35727501	81	23714	26305	1
4	180622_K00316_0171_BHVL2TBBXX	MLH1HM	MSI_MLH1HM_12	tumor 	42373325	40531228	96	26410088	62	32647202	77	24289	29303	4
4	180622_K00316_0171_BHVL2TBBXX	MLH1HM	MSI_MLH1HM_13	tumor 	92494701	83300324	90	55174404	60	65417412	71	37045	47316	7
4	180622_K00316_0171_BHVL2TBBXX	MLH1HM	MSI_MLH1HM_14	tumor 	44163649	42445564	96	31355930	71	34613365	78	20864	18757	1
4	180622_K00316_0171_BHVL2TBBXX	MLH1HM	MSI_MLH1HM_15	tumor 	64722839	61719669	95	40029436	62	49210821	76	26123	26205	0
2	180116_K00203_0173_BHNKCVBBXX	MLH1HM	MSI_MLH1HM_2	tumor 	43837094	41387333	94	25179614	57	33885829	77	24972	25115	4
2	180116_K00203_0173_BHNKCVBBXX	MLH1HM	MSI_MLH1HM_3	tumor 	53810595	51061946	95	33179570	62	42441808	79	23228	30255	4
2	180116_K00203_0173_BHNKCVBBXX	MLH1HM	MSI_MLH1HM_4	tumor 	25286760	24290481	96	14408440	57	19689520	78	19155	20688	6
3	180406_ST-K00112_0073_AHTF52BBXX	MLH1HM	MSI_MLH1HM_5	tumor 	63665381	60275150	95	37518371	59	49752203	78	23623	39803	7
3	180406_ST-K00112_0073_AHTF52BBXX	MLH1HM	MSI_MLH1HM_6	tumor 	33380597	32162021	96	22072893	66	27602940	83	20001	14653	7
3	180406_ST-K00112_0073_AHTF52BBXX	MLH1HM	MSI_MLH1HM_7	tumor 	34444305	32017254	93	14783824	43	25440770	74	18918	24658	3
3	180406_ST-K00112_0073_AHTF52BBXX	MLH1HM	MSI_MLH1HM_8	tumor 	60109317	53872242	90	36180850	60	46311148	77	28662	35429	4
3	180406_ST-K00112_0073_AHTF52BBXX	MLH1HM	MSI_MLH1HM_9	tumor 	95551715	90841718	95	58983231	62	78113875	82	42318	63513	5
2	180116_K00203_0173_BHNKCVBBXX	MSH2	MSI_MSH2_1	normal 	65372560	59380258	91	30509414	47	44797668	69	27907	35837	1
4	180712_K00203_0208_AHW5VMBBXX	MSH2	MSI_MSH2_10	normal 	45409173	41706468	92	23064404	51	32350582	71	43034	28614	1
4	180712_K00203_0208_AHW5VMBBXX	MSH2	MSI_MSH2_11	normal 	58336090	46804233	80	18776152	32	29956731	51	48850	28573	1
4	180712_K00203_0208_AHW5VMBBXX	MSH2	MSI_MSH2_12	normal 	55700152	54082589	97	42602940	76	48031991	86	21622	26349	5
3	180406_ST-K00112_0073_AHTF52BBXX	MSH2	MSI_MSH2_2	normal 	33072074	28762218	87	15677586	47	21210721	64	19738	19629	3
4	180622_K00316_0171_BHVL2TBBXX	MSH2	MSI_MSH2_4	normal 	31087653	29690466	96	16734986	54	24855464	80	54206	24751	0
3	180406_ST-K00112_0073_AHTF52BBXX	MSH2	MSI_MSH2_5	normal 	93076277	84040841	90	42102133	45	61061530	66	41893	73236	3
3	180406_ST-K00112_0073_AHTF52BBXX	MSH2	MSI_MSH2_6	normal 	21811978	19665688	90	8483656	39	14435357	66	28733	27195	0
3	180406_ST-K00112_0073_AHTF52BBXX	MSH2	MSI_MSH2_7	normal 	22679436	20254632	89	6721998	30	13657256	60	39085	26077	0
4	180622_K00316_0171_BHVL2TBBXX	MSH2	MSI_MSH2_9	normal 	15191781	14027624	92	5427204	36	9636341	63	25238	16236	0
2	180116_K00203_0173_BHNKCVBBXX	MSH2	MSI_MSH2_1	tumor 	53482708	49494719	93	32108851	60	40861464	76	25943	32004	0
4	180712_K00203_0208_AHW5VMBBXX	MSH2	MSI_MSH2_10	tumor 	54613684	49265147	90	31582544	58	39264902	72	44650	29054	0
4	180712_K00203_0208_AHW5VMBBXX	MSH2	MSI_MSH2_11	tumor 	55379078	52261444	94	35198958	64	44102836	80	40963	31111	4
4	180712_K00203_0208_AHW5VMBBXX	MSH2	MSI_MSH2_12	tumor 	55621451	53175662	96	38551612	69	46358049	83	26275	30638	5
3	180406_ST-K00112_0073_AHTF52BBXX	MSH2	MSI_MSH2_2	tumor 	51289058	47897378	93	34689364	68	39897835	78	28379	33929	5
3	180412_ST-K00112_0074_AHTVNCBBXX	MSH2	MSI_MSH2_3	tumor 	43786557	37990296	87	11573549	26	23731342	54	55483	41643	0
3	180406_ST-K00112_0073_AHTF52BBXX	MSH2	MSI_MSH2_4	tumor 	52037451	48072354	92	28520863	55	39672773	76	57820	38119	1
3	180406_ST-K00112_0073_AHTF52BBXX	MSH2	MSI_MSH2_5	tumor 	3432271	2967011	86	491411	14	2031162	59	6317	8797	0
3	180406_ST-K00112_0073_AHTF52BBXX	MSH2	MSI_MSH2_6	tumor 	42188004	38853972	92	19133730	45	31360306	74	40472	36968	0
3	180406_ST-K00112_0073_AHTF52BBXX	MSH2	MSI_MSH2_7	tumor 	22347805	20679587	93	10201509	46	15886551	71	45119	24057	0
4	180622_K00316_0171_BHVL2TBBXX	MSH2	MSI_MSH2_8	tumor 	44074394	41926280	95	30200362	69	33512613	76	23757	16816	0
4	180622_K00316_0171_BHVL2TBBXX	MSH2	MSI_MSH2_9	tumor 	55262083	49675038	90	27197007	49	38471600	70	49748	34069	0
2	180116_K00203_0173_BHNKCVBBXX	MSH6	MSI_MSH6_1	normal 	58642330	55504194	95	31755520	54	45776086	78	30216	43364	5
4	180712_K00203_0208_AHW5VMBBXX	MSH6	MSI_MSH6_10	normal 	49483986	46387895	94	31052465	63	39674530	80	29806	33626	6
4	180712_K00203_0208_AHW5VMBBXX	MSH6	MSI_MSH6_11	normal 	74547719	71942344	97	47772457	64	60645478	81	27931	45907	11
4	180712_K00203_0208_AHW5VMBBXX	MSH6	MSI_MSH6_12	normal 	118263413	114441180	97	81666966	69	98552763	83	34821	43019	9
2	180116_K00203_0173_BHNKCVBBXX	MSH6	MSI_MSH6_2	normal 	36408461	34822355	96	23979196	66	29666551	81	18015	22267	8
2	180116_K00203_0173_BHNKCVBBXX	MSH6	MSI_MSH6_3	normal 	41397673	39782901	96	28425975	69	34222033	83	24203	20662	0
2	180116_K00203_0173_BHNKCVBBXX	MSH6	MSI_MSH6_4	normal 	46366572	44161243	95	26886445	58	37031325	80	20703	26973	9
3	180406_ST-K00112_0073_AHTF52BBXX	MSH6	MSI_MSH6_6	normal 	78111679	74772113	96	53315302	68	64204213	82	26307	25659	18
3	180406_ST-K00112_0073_AHTF52BBXX	MSH6	MSI_MSH6_7	normal 	63006639	60367947	96	40349654	64	50390836	80	22467	29655	9
3	180406_ST-K00112_0073_AHTF52BBXX	MSH6	MSI_MSH6_8	normal 	40953838	39385476	96	17990590	44	30191178	74	67362	43169	1
2	180116_K00203_0173_BHNKCVBBXX	MSH6	MSI_MSH6_1	tumor 	36279691	34370879	95	19420790	54	28307764	78	26272	25614	4
4	180712_K00203_0208_AHW5VMBBXX	MSH6	MSI_MSH6_10	tumor 	43563752	42481591	98	29607993	68	36501075	84	26279	27849	0
4	180712_K00203_0208_AHW5VMBBXX	MSH6	MSI_MSH6_11	tumor 	65664492	63966204	97	41758010	64	54128118	82	27988	29138	4
4	180712_K00203_0208_AHW5VMBBXX	MSH6	MSI_MSH6_12	tumor 	30071887	27801478	92	16594994	55	21603113	72	20926	21199	1
2	180116_K00203_0173_BHNKCVBBXX	MSH6	MSI_MSH6_2	tumor 	97901883	93548548	96	55250879	56	74891218	76	36012	84530	11
2	180116_K00203_0173_BHNKCVBBXX	MSH6	MSI_MSH6_3	tumor 	23777056	22861754	96	13734082	58	19368372	81	21783	18535	1
2	180116_K00203_0173_BHNKCVBBXX	MSH6	MSI_MSH6_4	tumor 	27717130	26277867	95	14856580	54	21149968	76	15427	14366	2
3	180406_ST-K00112_0073_AHTF52BBXX	MSH6	MSI_MSH6_6	tumor 	61178620	58650255	96	41798713	68	48455055	79	24365	16934	8
3	180406_ST-K00112_0073_AHTF52BBXX	MSH6	MSI_MSH6_7	tumor 	33245450	30402873	91	17038341	51	24593095	74	21870	35957	0
3	180406_ST-K00112_0073_AHTF52BBXX	MSH6	MSI_MSH6_8	tumor 	46944759	44385285	95	22573623	48	36206971	77	70284	34712	1
3	180406_ST-K00112_0073_AHTF52BBXX	MSH6	MSI_MSH6_9	tumor 	46766006	43811260	94	23758848	51	36625040	78	58373	32794	0
1	170411_K00316_0075_AHJGYCBBXX	MSH6	MSI_MSH6p_5	normal 	63428462	61557420	97	45913077	72	53368355	84	23467	15036	13
1	170411_K00316_0075_AHJGYCBBXX	MSH6	MSI_MSH6p_5	tumor 	47490119	46368158	98	33101289	70	38155803	80	21638	12425	12
1	170411_K00316_0075_AHJGYCBBXX	MSS	MSS_1	normal 	54042432	51747666	96	36404687	67	43640479	81	20204	20279	10
3	180406_ST-K00112_0073_AHTF52BBXX	MSS	MSS_10	normal 	89312101	85277922	95	60076819	67	72307948	81	31304	30875	20
3	180406_ST-K00112_0073_AHTF52BBXX	MSS	MSS_11	normal 	46976204	43824093	93	27245615	58	34243899	73	20319	16317	9
3	180406_ST-K00112_0073_AHTF52BBXX	MSS	MSS_12	normal 	47716961	42638461	89	19818904	42	32884740	69	58017	40560	0
3	180412_ST-K00112_0074_AHTVNCBBXX	MSS	MSS_13	normal 	42201623	39187083	93	21168095	50	29227666	69	25558	27775	1
4	180622_K00316_0171_BHVL2TBBXX	MSS	MSS_14	normal 	33974332	33261550	98	24183276	71	27948356	82	19840	18611	1
4	180622_K00316_0171_BHVL2TBBXX	MSS	MSS_15	normal 	53973005	52144952	97	35008781	65	44181819	82	23937	38480	5
4	180622_K00316_0171_BHVL2TBBXX	MSS	MSS_16	normal 	75255678	72351311	96	48709993	65	59180241	79	31637	17140	5
4	180712_K00203_0208_AHW5VMBBXX	MSS	MSS_17	normal 	38779474	37661360	97	30879237	80	32651705	84	20211	18949	3
1	170411_K00316_0075_AHJGYCBBXX	MSS	MSS_2	normal 	40239168	38787883	96	26629485	66	32163709	80	21538	17221	10
2	180116_K00203_0173_BHNKCVBBXX	MSS	MSS_4	normal 	35273836	33717589	96	22390060	63	28239972	80	17828	21171	8
2	180116_K00203_0173_BHNKCVBBXX	MSS	MSS_5	normal 	53100399	50371814	95	34200011	64	42610243	80	19045	31285	11
2	180116_K00203_0173_BHNKCVBBXX	MSS	MSS_6	normal 	69180953	65879189	95	43602900	63	55266819	80	23204	30273	11
3	180406_ST-K00112_0073_AHTF52BBXX	MSS	MSS_7	normal 	68853204	65261494	95	47415186	69	54842661	80	22098	17500	11
3	180406_ST-K00112_0073_AHTF52BBXX	MSS	MSS_8	normal 	58650593	49701723	85	23905577	41	32565296	56	22002	21193	7
3	180406_ST-K00112_0073_AHTF52BBXX	MSS	MSS_9	normal 	35714779	33373975	93	19228338	54	26128681	73	22282	27579	2
1	170411_K00316_0075_AHJGYCBBXX	MSS	MSS_1	tumor 	33730202	31713934	94	18320687	54	24336372	72	17782	21185	5
3	180406_ST-K00112_0073_AHTF52BBXX	MSS	MSS_10	tumor 	35942129	34210213	95	23348397	65	28283398	79	19210	10553	30
3	180406_ST-K00112_0073_AHTF52BBXX	MSS	MSS_11	tumor 	50489368	47878846	95	32952575	65	40066006	79	21246	18063	5
3	180406_ST-K00112_0073_AHTF52BBXX	MSS	MSS_12	tumor 	54561894	51047664	94	24890480	46	39356092	72	47300	43999	0
3	180412_ST-K00112_0074_AHTVNCBBXX	MSS	MSS_13	tumor 	55473860	51592911	93	29945638	54	41807183	75	21961	25955	2
4	180622_K00316_0171_BHVL2TBBXX	MSS	MSS_14	tumor 	78186042	75214941	96	50121424	64	60327273	77	27000	29743	2
4	180622_K00316_0171_BHVL2TBBXX	MSS	MSS_15	tumor 	46571979	44819601	96	29118623	63	37511827	81	26091	34863	6
4	180622_K00316_0171_BHVL2TBBXX	MSS	MSS_16	tumor 	58532100	56169285	96	35155321	60	45990511	79	31472	27377	4
4	180712_K00203_0208_AHW5VMBBXX	MSS	MSS_17	tumor 	90888469	87845467	97	61782127	68	74510532	82	34983	40849	12
1	170411_K00316_0075_AHJGYCBBXX	MSS	MSS_2	tumor 	43347740	42053552	97	30446587	70	35650825	82	22183	17322	18
2	180116_K00203_0173_BHNKCVBBXX	MSS	MSS_3	tumor 	21305472	20172542	95	11689139	55	15974315	75	13091	11888	2
2	180116_K00203_0173_BHNKCVBBXX	MSS	MSS_4	tumor 	31844199	30292453	95	19935468	63	24693377	78	18344	24686	6
2	180116_K00203_0173_BHNKCVBBXX	MSS	MSS_5	tumor 	59284412	56504571	95	36640233	62	47095310	79	23116	34845	14
2	180116_K00203_0173_BHNKCVBBXX	MSS	MSS_6	tumor 	43535210	41662176	96	25031451	57	33454383	77	21401	20274	7
3	180406_ST-K00112_0073_AHTF52BBXX	MSS	MSS_7	tumor 	72362442	68857619	95	50809236	70	58123961	80	24568	14474	11
3	180406_ST-K00112_0073_AHTF52BBXX	MSS	MSS_8	tumor 	61092535	57595226	94	43779652	72	47834972	78	24974	21300	1
3	180406_ST-K00112_0073_AHTF52BBXX	MSS	MSS_9	tumor 	14438483	13245074	92	9224501	64	10967708	76	12549	9887	1
2	180116_K00203_0173_BHNKCVBBXX	PMS2	MSI_PMS2_1	normal 	39663931	37482873	95	26477310	67	31747619	80	17521	22469	2
4	180622_K00316_0171_BHVL2TBBXX	PMS2	MSI_PMS2_10	normal 	36689570	34260587	93	15086738	41	23416961	64	36241	28227	0
4	180622_K00316_0171_BHVL2TBBXX	PMS2	MSI_PMS2_11	normal 	47364081	45652201	96	30224614	64	39076296	83	28371	27603	1
4	180622_K00316_0171_BHVL2TBBXX	PMS2	MSI_PMS2_12	normal 	11848695	11292539	95	6340911	54	8925920	75	16186	15218	0
4	180622_K00316_0171_BHVL2TBBXX	PMS2	MSI_PMS2_13	normal 	44347785	42507895	96	27151346	61	34035716	77	31663	31558	6
4	180622_K00316_0171_BHVL2TBBXX	PMS2	MSI_PMS2_14	normal 	30321313	28587067	94	17975233	59	22786268	75	21897	20118	0
4	180622_K00316_0171_BHVL2TBBXX	PMS2	MSI_PMS2_15	normal 	63803394	61004601	96	41550969	65	50726793	80	27824	27600	9
4	180712_K00203_0208_AHW5VMBBXX	PMS2	MSI_PMS2_16	normal 	103445941	97261142	94	64658363	63	77188668	75	31978	22834	19
2	180116_K00203_0173_BHNKCVBBXX	PMS2	MSI_PMS2_2	normal 	33804669	32142828	95	19912930	59	27087459	80	17979	14393	8
3	180406_ST-K00112_0073_AHTF52BBXX	PMS2	MSI_PMS2_3	normal 	46871515	42607471	91	23620698	50	31545869	67	19601	23583	4
3	180406_ST-K00112_0073_AHTF52BBXX	PMS2	MSI_PMS2_4	normal 	58001008	52311846	90	23165658	40	38943255	67	67200	46510	0
3	180406_ST-K00112_0073_AHTF52BBXX	PMS2	MSI_PMS2_5	normal 	34455289	28513750	83	10380489	30	18064472	52	36257	31970	0
3	180406_ST-K00112_0073_AHTF52BBXX	PMS2	MSI_PMS2_6	normal 	89980059	79581541	88	33241615	37	57421703	64	56316	58711	0
4	180622_K00316_0171_BHVL2TBBXX	PMS2	MSI_PMS2_7	normal 	31380179	30391254	97	21744204	69	24982286	80	18828	18103	3
4	180622_K00316_0171_BHVL2TBBXX	PMS2	MSI_PMS2_9	normal 	62750858	60716307	97	38707786	62	52304171	83	33755	35082	3
2	180116_K00203_0173_BHNKCVBBXX	PMS2	MSI_PMS2_1	tumor 	25003296	23330874	93	13950326	56	18546166	74	15305	15201	3
4	180622_K00316_0171_BHVL2TBBXX	PMS2	MSI_PMS2_10	tumor 	68580000	64385489	94	39053487	57	50302466	73	34737	30103	0
4	180622_K00316_0171_BHVL2TBBXX	PMS2	MSI_PMS2_11	tumor 	40808818	39383741	97	25149294	62	33441450	82	25128	29553	1
4	180622_K00316_0171_BHVL2TBBXX	PMS2	MSI_PMS2_12	tumor 	78333230	76538430	98	55764531	71	66106172	84	31879	42208	7
4	180622_K00316_0171_BHVL2TBBXX	PMS2	MSI_PMS2_13	tumor 	41595013	39377554	95	26617277	64	32679938	79	38528	31324	0
4	180622_K00316_0171_BHVL2TBBXX	PMS2	MSI_PMS2_14	tumor 	56553503	53784458	95	37426404	66	43533989	77	33878	25029	1
4	180622_K00316_0171_BHVL2TBBXX	PMS2	MSI_PMS2_15	tumor 	80830866	77296786	96	54008691	67	63523853	79	33703	36453	9
4	180712_K00203_0208_AHW5VMBBXX	PMS2	MSI_PMS2_16	tumor 	56234768	54985352	98	43829929	78	46772391	83	30707	18499	10
2	180116_K00203_0173_BHNKCVBBXX	PMS2	MSI_PMS2_2	tumor 	28946513	27494295	95	17487036	60	22742830	79	17630	17753	6
3	180406_ST-K00112_0073_AHTF52BBXX	PMS2	MSI_PMS2_3	tumor 	36943714	34989257	95	21363332	58	27309509	74	20689	36573	2
3	180406_ST-K00112_0073_AHTF52BBXX	PMS2	MSI_PMS2_4	tumor 	43552610	38901936	89	17143246	39	29675544	68	74652	45198	1
3	180406_ST-K00112_0073_AHTF52BBXX	PMS2	MSI_PMS2_5	tumor 	58544885	49953007	85	24409699	42	37467996	64	52213	43957	0
3	180406_ST-K00112_0073_AHTF52BBXX	PMS2	MSI_PMS2_6	tumor 	39114699	34697190	89	16741787	43	26487968	68	40450	29556	3
4	180622_K00316_0171_BHVL2TBBXX	PMS2	MSI_PMS2_7	tumor 	61722651	59303164	96	40917958	66	48639729	79	27276	31092	4
4	180622_K00316_0171_BHVL2TBBXX	PMS2	MSI_PMS2_8	tumor 	46851410	45050735	96	27432048	59	37183951	79	40532	35340	1
4	180622_K00316_0171_BHVL2TBBXX	PMS2	MSI_PMS2_9	tumor 	41426912	40038668	97	24089468	58	34172965	82	34423	25064	5
6	190422_ST-K00112_0136_AH5CHYBBXY 	MLH1HM	MSI_MLH1HM_16	normal	58950885	52398815	89	29322513	50	38727603	74	23342	23464	5
6	190422_ST-K00112_0136_AH5CHYBBXY 	MLH1HM	MSI_MLH1HM_17	normal	33225373	30705079	92	18687523	56	23945734	78	21216	18742	7
6	190422_ST-K00112_0136_AH5CHYBBXY 	MLH1HM	MSI_MLH1HM_18	normal	64260628	58792504	91	32711143	51	41670870	71	24496	19522	7
6	190422_ST-K00112_0136_AH5CHYBBXY 	MLH1HM	MSI_MLH1HM_19	normal	48850289	43699550	89	22685205	46	31182255	71	29628	30936	0
6	190422_ST-K00112_0136_AH5CHYBBXY 	MLH1HM	MSI_MLH1HM_20	normal	54247669	49685437	92	31433963	58	39023882	79	26602	22580	5
6	190422_ST-K00112_0136_AH5CHYBBXY 	MSS	MSS_18	normal	42818686	38326667	90	22062173	52	28095308	73	20760	15262	5
6	190422_ST-K00112_0136_AH5CHYBBXY 	MSS	MSS_19	normal	37000053	33863484	92	17071274	46	24260507	72	32027	25543	3
6	190422_ST-K00112_0136_AH5CHYBBXY 	MSS	MSS__20	normal	41908437	37647491	90	21390449	51	26782256	71	17933	10182	6
6	190422_ST-K00112_0136_AH5CHYBBXY 	MLH1HM	MSI_MLH1HM_16	tumor	63360267	58095753	92	37939493	60	46952945	81	30294	29683	2
6	190422_ST-K00112_0136_AH5CHYBBXY 	MLH1HM	MSI_MLH1HM_17	tumor	30342568	28481138	94	16690381	55	21263560	75	18504	15487	1
6	190422_ST-K00112_0136_AH5CHYBBXY 	MLH1HM	MSI_MLH1HM_18	tumor	58764054	55103774	94	35091962	60	44754386	81	30552	22172	10
6	190422_ST-K00112_0136_AH5CHYBBXY 	MLH1HM	MSI_MLH1HM_19	tumor	25440473	23249554	91	9591507	38	15024315	65	28044	25750	0
6	190422_ST-K00112_0136_AH5CHYBBXY 	MLH1HM	MSI_MLH1HM_20	tumor	60514399	53626060	89	33047772	55	41523200	77	29638	23492	2
6	190422_ST-K00112_0136_AH5CHYBBXY 	MSS	MSS_18	tumor	66652026	62720442	94	40335265	61	48124430	77	23771	15192	5
6	190422_ST-K00112_0136_AH5CHYBBXY 	MSS	MSS_19	tumor	37126956	35323018	95	15755599	42	23961908	68	31033	23195	1
6	190422_ST-K00112_0136_AH5CHYBBXY 	MSS	MSS_20	tumor	37435466	34678549	93	21149087	56	24861857	72	15900	8560	1
